1759918113.491766 0.004700 1.302900 0.175200 0.308200 -0.020600 0.033800 0.950500
1759918113.511907 0.004400 1.302900 0.175200 0.308700 -0.020900 0.034100 0.950300
1759918113.521694 0.004000 1.302800 0.175100 0.309200 -0.021200 0.034500 0.950100
1759918113.541762 0.003700 1.302800 0.175100 0.309800 -0.021600 0.034900 0.949900
1759918113.561688 0.003300 1.302700 0.175000 0.310200 -0.022100 0.035500 0.949800
1759918113.581728 0.003000 1.302800 0.174900 0.310300 -0.022600 0.036000 0.949700
1759918113.591730 0.002700 1.302800 0.174900 0.310200 -0.023000 0.036300 0.949700
1759918113.611792 0.002400 1.302900 0.174800 0.310100 -0.023400 0.036600 0.949700
1759918113.621682 0.002100 1.302900 0.174800 0.309800 -0.023800 0.036800 0.949800
1759918113.641620 0.001700 1.303100 0.174800 0.309200 -0.024200 0.037000 0.950000
1759918113.661850 0.001400 1.303200 0.174700 0.308700 -0.024600 0.037200 0.950100
1759918113.681710 0.001200 1.303300 0.174700 0.308200 -0.024900 0.037300 0.950200
1759918113.691739 0.001100 1.303400 0.174600 0.308000 -0.025100 0.037300 0.950300
1759918113.711746 0.001000 1.303400 0.174500 0.307800 -0.025300 0.037200 0.950400
1759918113.721676 0.000900 1.303500 0.174400 0.307700 -0.025500 0.037000 0.950400
1759918113.751753 0.000800 1.303600 0.174300 0.307500 -0.025700 0.037000 0.950500
1759918113.761766 0.000700 1.303600 0.174200 0.307200 -0.026000 0.037000 0.950600
1759918113.781754 0.000600 1.303700 0.174100 0.307000 -0.026400 0.037000 0.950600
1759918113.791681 0.000500 1.303800 0.174000 0.307000 -0.026700 0.036900 0.950600
1759918113.812318 0.000500 1.303800 0.173900 0.307000 -0.026900 0.036800 0.950600
1759918113.821676 0.000500 1.303800 0.173800 0.307000 -0.027200 0.036600 0.950600
1759918113.851733 0.000400 1.303900 0.173600 0.307100 -0.027500 0.036600 0.950600
1759918113.862294 0.000400 1.303900 0.173600 0.307100 -0.027800 0.036600 0.950600
1759918113.881760 0.000500 1.303900 0.173500 0.307100 -0.028000 0.036700 0.950600
1759918113.891772 0.000500 1.303900 0.173400 0.307100 -0.028200 0.036700 0.950500
1759918113.911837 0.000500 1.303900 0.173300 0.307200 -0.028300 0.036700 0.950500
1759918113.931703 0.000500 1.303900 0.173200 0.307300 -0.028500 0.036600 0.950500
1759918113.941652 0.000400 1.303900 0.173200 0.307300 -0.028800 0.036700 0.950500
1759918113.961735 0.000400 1.303800 0.173100 0.307300 -0.029000 0.036800 0.950500
1759918113.981712 0.000400 1.303800 0.173100 0.307300 -0.029400 0.036800 0.950400
1759918113.991675 0.000400 1.303700 0.173000 0.307400 -0.029600 0.036700 0.950400
1759918114.011694 0.000400 1.303600 0.173000 0.307500 -0.029900 0.036600 0.950400
1759918114.021662 0.000300 1.303500 0.173000 0.307700 -0.030100 0.036500 0.950300
1759918114.041712 0.000200 1.303400 0.172900 0.307900 -0.030600 0.036300 0.950200
1759918114.061752 0.000100 1.303300 0.173000 0.308000 -0.030900 0.036200 0.950200
1759918114.081747 0.000000 1.303300 0.173000 0.307900 -0.031400 0.036200 0.950200
1759918114.101843 -0.000100 1.303200 0.173000 0.307900 -0.031900 0.036200 0.950200
1759918114.111799 -0.000200 1.303200 0.173000 0.307900 -0.032400 0.036100 0.950200
1759918114.121822 -0.000300 1.303100 0.173100 0.308000 -0.032800 0.035900 0.950100
1759918114.141785 -0.000500 1.303000 0.173100 0.308300 -0.033300 0.035600 0.950100
1759918114.161733 -0.000600 1.302900 0.173100 0.308500 -0.033600 0.035300 0.950000
1759918114.191736 -0.000800 1.302800 0.173200 0.308500 -0.034100 0.035000 0.950000
1759918114.201764 -0.000900 1.302800 0.173300 0.308500 -0.034200 0.035000 0.950000
1759918114.211668 -0.001100 1.302700 0.173300 0.308400 -0.034300 0.034900 0.950000
1759918114.221685 -0.001300 1.302700 0.173300 0.308400 -0.034100 0.034700 0.950000
1759918114.251710 -0.001500 1.302400 0.173300 0.308900 -0.033500 0.034200 0.949900
1759918114.261755 -0.001700 1.302200 0.173300 0.309400 -0.033000 0.033900 0.949800
1759918114.281660 -0.001800 1.301900 0.173300 0.310000 -0.032500 0.033700 0.949600
1759918114.291653 -0.002000 1.301700 0.173300 0.310400 -0.032200 0.033700 0.949500
1759918114.311755 -0.002200 1.301500 0.173300 0.310700 -0.032000 0.034100 0.949300
1759918114.321630 -0.002500 1.301400 0.173300 0.310800 -0.031900 0.034600 0.949300
1759918114.351714 -0.002800 1.301200 0.173200 0.310700 -0.031800 0.035200 0.949300
1759918114.361762 -0.003100 1.301100 0.173200 0.310600 -0.031700 0.035600 0.949300
1759918114.381670 -0.003300 1.301000 0.173200 0.310400 -0.031500 0.036100 0.949400
1759918114.391661 -0.003500 1.301000 0.173100 0.310100 -0.031400 0.036500 0.949500
1759918114.411888 -0.003700 1.300900 0.173000 0.309800 -0.031400 0.036900 0.949600
1759918114.431758 -0.004000 1.301000 0.172900 0.309400 -0.031300 0.037200 0.949700
1759918114.451885 -0.004200 1.301000 0.172800 0.309000 -0.031200 0.037500 0.949800
1759918114.461730 -0.004300 1.301000 0.172700 0.308800 -0.031200 0.037700 0.949900
1759918114.481691 -0.004500 1.301100 0.172600 0.308600 -0.031100 0.038000 0.949900
1759918114.491667 -0.004600 1.301100 0.172500 0.308300 -0.031100 0.038200 0.950000
1759918114.511631 -0.004800 1.301200 0.172300 0.308000 -0.031100 0.038400 0.950100
1759918114.521693 -0.004900 1.301300 0.172300 0.307700 -0.031200 0.038500 0.950200
1759918114.541761 -0.005000 1.301400 0.172200 0.307400 -0.031300 0.038500 0.950300
1759918114.561731 -0.005100 1.301500 0.172100 0.307200 -0.031300 0.038400 0.950400
1759918114.581668 -0.005200 1.301600 0.172000 0.307000 -0.031500 0.038200 0.950400
1759918114.601749 -0.005300 1.301600 0.172000 0.306800 -0.031600 0.038200 0.950500
1759918114.621663 -0.005400 1.301700 0.171900 0.306700 -0.031800 0.038100 0.950500
1759918114.631800 -0.005500 1.301700 0.171900 0.306600 -0.032100 0.038000 0.950500
1759918114.651782 -0.005600 1.301700 0.171900 0.306500 -0.032400 0.037900 0.950600
1759918114.661746 -0.005700 1.301700 0.171900 0.306400 -0.032700 0.037900 0.950600
1759918114.691798 -0.005800 1.301800 0.172000 0.306100 -0.033000 0.038000 0.950700
1759918114.701811 -0.005800 1.301800 0.172000 0.306000 -0.033300 0.038200 0.950700
1759918114.711786 -0.005900 1.301900 0.172000 0.305900 -0.033600 0.038300 0.950700
1759918114.721642 -0.006000 1.301900 0.172100 0.305800 -0.033900 0.038300 0.950700
1759918114.751692 -0.006000 1.301900 0.172100 0.305800 -0.034200 0.038300 0.950700
1759918114.761704 -0.006000 1.301900 0.172100 0.305800 -0.034400 0.038400 0.950700
1759918114.781713 -0.006100 1.302000 0.172200 0.305700 -0.034600 0.038400 0.950700
1759918114.791680 -0.006100 1.302000 0.172200 0.305600 -0.034800 0.038500 0.950800
1759918114.811729 -0.006100 1.302000 0.172200 0.305400 -0.035000 0.038600 0.950800
1759918114.831695 -0.006100 1.302000 0.172300 0.305300 -0.035300 0.038600 0.950800
1759918114.851687 -0.006200 1.302000 0.172300 0.305400 -0.035700 0.038700 0.950800
1759918114.861727 -0.006200 1.302000 0.172300 0.305400 -0.036000 0.038800 0.950800
1759918114.881682 -0.006200 1.302000 0.172300 0.305400 -0.036600 0.039100 0.950700
1759918114.891674 -0.006200 1.302100 0.172300 0.305300 -0.037000 0.039300 0.950700
1759918114.911696 -0.006200 1.302100 0.172400 0.305100 -0.037600 0.039600 0.950800
1759918114.931674 -0.006300 1.302200 0.172400 0.304800 -0.037900 0.039700 0.950800
1759918114.951698 -0.006300 1.302200 0.172400 0.304300 -0.038400 0.040000 0.951000
1759918114.961727 -0.006200 1.302300 0.172500 0.303900 -0.038500 0.040100 0.951100
1759918114.981668 -0.006100 1.302300 0.172500 0.303700 -0.038400 0.040000 0.951200
1759918114.992769 -0.006000 1.302300 0.172500 0.303600 -0.038200 0.039800 0.951200
1759918115.021729 -0.005900 1.302300 0.172600 0.303600 -0.037600 0.039500 0.951200
1759918115.031749 -0.005800 1.302200 0.172700 0.303700 -0.037200 0.039300 0.951200
1759918115.051692 -0.005600 1.302100 0.172800 0.304000 -0.036500 0.039100 0.951200
1759918115.061787 -0.005400 1.302000 0.172800 0.304200 -0.035900 0.038900 0.951100
1759918115.081728 -0.005100 1.301800 0.172800 0.304500 -0.035200 0.038600 0.951100
1759918115.101722 -0.005000 1.301700 0.172800 0.304800 -0.034900 0.038500 0.951000
1759918115.111652 -0.004800 1.301500 0.172800 0.305200 -0.034400 0.038100 0.950900
1759918115.131695 -0.004700 1.301400 0.172800 0.305400 -0.034200 0.037900 0.950900
1759918115.151737 -0.004600 1.301300 0.172700 0.305500 -0.034000 0.037800 0.950800
1759918115.161803 -0.004600 1.301300 0.172700 0.305500 -0.033900 0.037700 0.950800
1759918115.192934 -0.004500 1.301300 0.172700 0.305500 -0.033900 0.037600 0.950900
1759918115.201734 -0.004500 1.301300 0.172600 0.305500 -0.033800 0.037400 0.950900
1759918115.211636 -0.004400 1.301300 0.172500 0.305600 -0.033700 0.037200 0.950800
1759918115.231732 -0.004400 1.301300 0.172500 0.305600 -0.033700 0.037100 0.950800
1759918115.251729 -0.004400 1.301400 0.172400 0.305600 -0.033600 0.037000 0.950900
1759918115.271685 -0.004400 1.301500 0.172300 0.305400 -0.033600 0.037000 0.950900
1759918115.281655 -0.004300 1.301600 0.172200 0.305100 -0.033600 0.037000 0.951000
1759918115.291681 -0.004300 1.301700 0.172100 0.304900 -0.033500 0.037000 0.951100
1759918115.311784 -0.004300 1.301800 0.172100 0.304600 -0.033500 0.037100 0.951200
1759918115.331666 -0.004200 1.301900 0.172000 0.304300 -0.033400 0.037100 0.951300
1759918115.351696 -0.004200 1.302000 0.171900 0.303900 -0.033400 0.037300 0.951400
1759918115.361691 -0.004100 1.302100 0.171800 0.303600 -0.033500 0.037300 0.951500
1759918115.391687 -0.004000 1.302200 0.171700 0.303200 -0.033500 0.037400 0.951600
1759918115.401725 -0.004000 1.302300 0.171700 0.302900 -0.033500 0.037300 0.951700
1759918115.421705 -0.003800 1.302400 0.171600 0.302600 -0.033400 0.037300 0.951800
1759918115.431683 -0.003700 1.302400 0.171600 0.302400 -0.033200 0.037200 0.951900
1759918115.451649 -0.003600 1.302500 0.171500 0.302100 -0.033000 0.037100 0.952000
1759918115.461749 -0.003400 1.302600 0.171400 0.301900 -0.032800 0.037000 0.952000
1759918115.481679 -0.003200 1.302600 0.171400 0.301800 -0.032600 0.036900 0.952100
1759918115.491669 -0.003100 1.302600 0.171300 0.301600 -0.032500 0.036800 0.952200
1759918115.521742 -0.002900 1.302700 0.171200 0.301500 -0.032200 0.036800 0.952200
1759918115.531700 -0.002800 1.302700 0.171200 0.301500 -0.032100 0.036700 0.952200
1759918115.551701 -0.002700 1.302700 0.171100 0.301500 -0.031900 0.036700 0.952200
1759918115.561814 -0.002600 1.302700 0.171100 0.301400 -0.031800 0.036800 0.952300
1759918115.581756 -0.002500 1.302800 0.171000 0.301300 -0.031600 0.036900 0.952300
1759918115.601705 -0.002400 1.302800 0.170900 0.301100 -0.031500 0.037000 0.952300
1759918115.611584 -0.002300 1.302900 0.170900 0.301000 -0.031400 0.037200 0.952400
1759918115.631692 -0.002200 1.302900 0.170800 0.301000 -0.031300 0.037300 0.952400
1759918115.651689 -0.002100 1.302900 0.170800 0.300900 -0.031100 0.037500 0.952400
1759918115.661726 -0.002000 1.302900 0.170700 0.300800 -0.030900 0.037700 0.952400
1759918115.681669 -0.001900 1.303000 0.170600 0.300500 -0.030600 0.037900 0.952500
1759918115.691816 -0.001800 1.303100 0.170600 0.300200 -0.030400 0.038000 0.952600
1759918115.711735 -0.001700 1.303200 0.170500 0.299800 -0.030100 0.038200 0.952800
1759918115.731714 -0.001700 1.303200 0.170500 0.299400 -0.029900 0.038500 0.952900
1759918115.751719 -0.001600 1.303300 0.170400 0.299000 -0.029700 0.038700 0.953000
1759918115.761678 -0.001500 1.303400 0.170400 0.298700 -0.029500 0.038800 0.953100
1759918115.781674 -0.001500 1.303500 0.170300 0.298300 -0.028900 0.038700 0.953300
1759918115.791656 -0.001400 1.303600 0.170300 0.298000 -0.028500 0.038600 0.953400
1759918115.811749 -0.001300 1.303600 0.170200 0.297800 -0.027400 0.038100 0.953500
1759918115.831654 -0.001200 1.303600 0.170100 0.297700 -0.026500 0.037700 0.953600
1759918115.851676 -0.001000 1.303600 0.170000 0.297600 -0.025400 0.037300 0.953600
1759918115.861682 -0.000900 1.303600 0.169900 0.297600 -0.024800 0.037100 0.953700
1759918115.891825 -0.000800 1.303600 0.169800 0.297600 -0.024100 0.036800 0.953700
1759918115.901833 -0.000700 1.303500 0.169700 0.297500 -0.023900 0.036600 0.953700
1759918115.911663 -0.000700 1.303600 0.169600 0.297200 -0.023800 0.036600 0.953800
1759918115.931742 -0.000800 1.303600 0.169600 0.296900 -0.023900 0.036600 0.953900
1759918115.951801 -0.000900 1.303700 0.169500 0.296400 -0.024300 0.036800 0.954000
1759918115.961692 -0.001000 1.303800 0.169500 0.296100 -0.024600 0.036800 0.954100
1759918115.981720 -0.001100 1.303900 0.169400 0.295800 -0.025100 0.036900 0.954200
1759918115.991626 -0.001200 1.303900 0.169400 0.295600 -0.025500 0.037000 0.954300
1759918116.021782 -0.001400 1.304000 0.169300 0.295300 -0.026000 0.037300 0.954300
1759918116.031680 -0.001600 1.304000 0.169300 0.295100 -0.026400 0.037400 0.954400
1759918116.051714 -0.001800 1.304100 0.169300 0.294800 -0.027000 0.037600 0.954400
1759918116.061704 -0.002000 1.304100 0.169300 0.294700 -0.027400 0.037800 0.954500
1759918116.091671 -0.002200 1.304100 0.169300 0.294600 -0.027900 0.038000 0.954400
1759918116.101637 -0.002200 1.304000 0.169300 0.294700 -0.028200 0.038000 0.954400
1759918116.121660 -0.002200 1.304000 0.169300 0.294900 -0.028500 0.038000 0.954400
1759918116.131685 -0.002300 1.303900 0.169300 0.295000 -0.028700 0.037900 0.954300
1759918116.151697 -0.002300 1.303900 0.169400 0.295100 -0.029000 0.037800 0.954300
1759918116.161723 -0.002300 1.303900 0.169400 0.295100 -0.029200 0.037700 0.954300
1759918116.181684 -0.002300 1.304000 0.169500 0.294900 -0.029300 0.037600 0.954400
1759918116.201790 -0.002200 1.304000 0.169500 0.294700 -0.029400 0.037600 0.954400
1759918116.221651 -0.002200 1.304100 0.169600 0.294200 -0.029400 0.037500 0.954500
1759918116.231680 -0.002200 1.304200 0.169600 0.293800 -0.029400 0.037600 0.954700
1759918116.251714 -0.002100 1.304300 0.169700 0.293300 -0.029400 0.037700 0.954800
1759918116.261740 -0.002100 1.304400 0.169700 0.293000 -0.029300 0.037800 0.954900
1759918116.291657 -0.002000 1.304500 0.169700 0.292800 -0.029300 0.037900 0.955000
1759918116.301765 -0.001900 1.304500 0.169600 0.292600 -0.029300 0.038000 0.955000
1759918116.311712 -0.001900 1.304700 0.169600 0.292300 -0.029300 0.038200 0.955100
1759918116.331760 -0.001800 1.304700 0.169500 0.292100 -0.029300 0.038300 0.955200
1759918116.351759 -0.001800 1.304900 0.169400 0.291700 -0.029200 0.038300 0.955300
1759918116.371785 -0.001800 1.304900 0.169300 0.291500 -0.029100 0.038300 0.955300
1759918116.391729 -0.001700 1.305000 0.169200 0.291300 -0.029000 0.038300 0.955400
1759918116.401695 -0.001700 1.305100 0.169100 0.291100 -0.028900 0.038300 0.955500
1759918116.421790 -0.001700 1.305200 0.169000 0.290800 -0.028900 0.038300 0.955600
1759918116.431783 -0.001700 1.305200 0.168900 0.290600 -0.028900 0.038300 0.955600
1759918116.451686 -0.001700 1.305300 0.168700 0.290400 -0.029000 0.038300 0.955700
1759918116.461707 -0.001700 1.305300 0.168600 0.290300 -0.029000 0.038300 0.955700
1759918116.481620 -0.001700 1.305400 0.168500 0.290100 -0.029200 0.038300 0.955800
1759918116.501705 -0.001800 1.305500 0.168400 0.289900 -0.029300 0.038300 0.955800
1759918116.521621 -0.001800 1.305500 0.168300 0.289500 -0.029600 0.038400 0.956000
1759918116.531725 -0.001900 1.305600 0.168200 0.289200 -0.029800 0.038400 0.956000
1759918116.551712 -0.002000 1.305600 0.168100 0.289000 -0.030000 0.038500 0.956100
1759918116.561710 -0.002000 1.305700 0.168000 0.288900 -0.030000 0.038400 0.956100
1759918116.591675 -0.002000 1.305700 0.167900 0.288900 -0.030000 0.038300 0.956100
1759918116.601682 -0.002000 1.305700 0.167800 0.288900 -0.029900 0.038200 0.956100
1759918116.621668 -0.002000 1.305600 0.167700 0.288900 -0.029800 0.038100 0.956100
1759918116.631746 -0.002100 1.305600 0.167700 0.288900 -0.029900 0.038100 0.956100
1759918116.651666 -0.002100 1.305600 0.167600 0.288900 -0.030100 0.038000 0.956100
1759918116.661717 -0.002200 1.305600 0.167500 0.288900 -0.030300 0.038000 0.956100
1759918116.681709 -0.002300 1.305600 0.167400 0.288800 -0.030600 0.037900 0.956100
1759918116.701702 -0.002300 1.305600 0.167400 0.288700 -0.030900 0.037900 0.956200
1759918116.711684 -0.002500 1.305700 0.167400 0.288400 -0.031500 0.038100 0.956200
1759918116.731656 -0.002600 1.305700 0.167400 0.288200 -0.031900 0.038100 0.956300
1759918116.751666 -0.002700 1.305700 0.167400 0.288100 -0.032400 0.038200 0.956300
1759918116.771708 -0.002800 1.305700 0.167400 0.288100 -0.032700 0.038100 0.956300
1759918116.791684 -0.002800 1.305700 0.167500 0.287900 -0.033100 0.038200 0.956300
1759918116.801787 -0.002900 1.305700 0.167500 0.287800 -0.033400 0.038300 0.956300
1759918116.821727 -0.002900 1.305700 0.167600 0.287600 -0.033900 0.038400 0.956400
1759918116.831684 -0.003000 1.305700 0.167600 0.287400 -0.034200 0.038500 0.956400
1759918116.851665 -0.003100 1.305800 0.167700 0.287100 -0.034800 0.038500 0.956500
1759918116.871688 -0.003100 1.305700 0.167700 0.287000 -0.035000 0.038500 0.956500
1759918116.891715 -0.003100 1.305700 0.167700 0.287100 -0.035300 0.038200 0.956500
1759918116.901698 -0.003100 1.305700 0.167700 0.287200 -0.035400 0.038100 0.956500
1759918116.921660 -0.003100 1.305700 0.167700 0.287300 -0.035600 0.037900 0.956400
1759918116.931739 -0.003200 1.305700 0.167700 0.287300 -0.035800 0.037900 0.956400
1759918116.961703 -0.003200 1.305700 0.167700 0.287400 -0.036000 0.037700 0.956400
1759918116.971680 -0.003200 1.305700 0.167700 0.287500 -0.036100 0.037600 0.956400
1759918116.981730 -0.003300 1.305700 0.167800 0.287600 -0.036300 0.037500 0.956300
1759918117.001697 -0.003300 1.305700 0.167800 0.287600 -0.036500 0.037500 0.956300
1759918117.021718 -0.003300 1.305700 0.167800 0.287700 -0.036800 0.037400 0.956300
1759918117.031714 -0.003300 1.305700 0.167900 0.287600 -0.037200 0.037400 0.956300
1759918117.051650 -0.003400 1.305700 0.167900 0.287500 -0.037700 0.037400 0.956300
1759918117.071663 -0.003400 1.305700 0.167900 0.287300 -0.038000 0.037300 0.956300
1759918117.091673 -0.003400 1.305700 0.168000 0.287200 -0.038400 0.037300 0.956400
1759918117.101792 -0.003400 1.305700 0.168000 0.287200 -0.038500 0.037200 0.956400
1759918117.121719 -0.003400 1.305600 0.168000 0.287300 -0.038700 0.037100 0.956300
1759918117.131642 -0.003400 1.305600 0.167900 0.287300 -0.038700 0.037100 0.956300
1759918117.151670 -0.003400 1.305500 0.167900 0.287600 -0.038700 0.037200 0.956300
1759918117.171736 -0.003400 1.305500 0.167900 0.287800 -0.038600 0.037200 0.956200
1759918117.191766 -0.003400 1.305400 0.167900 0.288000 -0.038500 0.037300 0.956100
1759918117.201771 -0.003400 1.305400 0.167800 0.288100 -0.038500 0.037400 0.956100
1759918117.221719 -0.003400 1.305300 0.167800 0.288200 -0.038400 0.037700 0.956000
1759918117.231739 -0.003400 1.305300 0.167800 0.288300 -0.038300 0.037800 0.956000
1759918117.251749 -0.003400 1.305200 0.167800 0.288500 -0.038200 0.038000 0.956000
1759918117.271742 -0.003400 1.305200 0.167800 0.288600 -0.038100 0.038000 0.955900
1759918117.291672 -0.003400 1.305200 0.167700 0.288700 -0.038000 0.038100 0.955900
1759918117.301733 -0.003400 1.305200 0.167700 0.288700 -0.037900 0.038100 0.955900
1759918117.321687 -0.003300 1.305200 0.167700 0.288700 -0.037800 0.038100 0.955900
1759918117.331692 -0.003300 1.305100 0.167600 0.288700 -0.037700 0.038100 0.955900
1759918117.351619 -0.003300 1.305200 0.167600 0.288700 -0.037600 0.038000 0.955900
1759918117.371677 -0.003200 1.305200 0.167500 0.288600 -0.037500 0.038000 0.956000
1759918117.391672 -0.003200 1.305200 0.167400 0.288600 -0.037300 0.037900 0.956000
1759918117.401684 -0.003100 1.305200 0.167400 0.288700 -0.037300 0.037700 0.956000
1759918117.421710 -0.003100 1.305200 0.167300 0.288900 -0.037300 0.037500 0.955900
1759918117.431678 -0.003100 1.305200 0.167200 0.288800 -0.037500 0.037400 0.955900
1759918117.461692 -0.003200 1.305300 0.167100 0.288600 -0.037900 0.037400 0.956000
1759918117.471666 -0.003200 1.305300 0.167000 0.288200 -0.038300 0.037400 0.956100
1759918117.491635 -0.003300 1.305400 0.167000 0.287800 -0.038600 0.037200 0.956200
1759918117.501685 -0.003400 1.305500 0.166900 0.287600 -0.038800 0.037100 0.956200
1759918117.521648 -0.003400 1.305500 0.166800 0.287300 -0.039200 0.036900 0.956300
1759918117.531715 -0.003500 1.305500 0.166700 0.287100 -0.039400 0.036900 0.956400
1759918117.551657 -0.003600 1.305600 0.166600 0.286800 -0.039700 0.037000 0.956400
1759918117.571705 -0.003600 1.305600 0.166600 0.286700 -0.039800 0.037100 0.956500
1759918117.591669 -0.003700 1.305600 0.166500 0.286700 -0.039900 0.037100 0.956500
1759918117.601737 -0.003700 1.305600 0.166500 0.286700 -0.039900 0.037100 0.956500
1759918117.621672 -0.003800 1.305600 0.166400 0.286700 -0.040000 0.037300 0.956500
1759918117.631674 -0.003900 1.305500 0.166400 0.286800 -0.040000 0.037500 0.956400
1759918117.651673 -0.004000 1.305500 0.166300 0.286900 -0.040000 0.037700 0.956400
1759918117.671665 -0.004100 1.305400 0.166300 0.287000 -0.040100 0.037800 0.956400
1759918117.691923 -0.004200 1.305400 0.166200 0.287100 -0.040100 0.037900 0.956300
1759918117.701721 -0.004300 1.305300 0.166200 0.287100 -0.040100 0.038000 0.956300
1759918117.721739 -0.004400 1.305300 0.166200 0.287100 -0.040200 0.038300 0.956300
1759918117.731769 -0.004500 1.305200 0.166200 0.287100 -0.040300 0.038400 0.956300
1759918117.751680 -0.004600 1.305200 0.166300 0.287100 -0.040400 0.038700 0.956300
1759918117.771708 -0.004700 1.305200 0.166300 0.287100 -0.040500 0.038800 0.956300
1759918117.792284 -0.004800 1.305200 0.166300 0.287000 -0.040600 0.039000 0.956300
1759918117.801682 -0.004900 1.305200 0.166400 0.286900 -0.040700 0.039100 0.956300
1759918117.821711 -0.005000 1.305200 0.166400 0.286800 -0.040800 0.039200 0.956300
1759918117.831756 -0.005100 1.305200 0.166500 0.286600 -0.040800 0.039200 0.956400
1759918117.851659 -0.005200 1.305200 0.166600 0.286500 -0.040800 0.039300 0.956400
1759918117.871722 -0.005200 1.305200 0.166600 0.286400 -0.040700 0.039300 0.956400
1759918117.891636 -0.005300 1.305100 0.166700 0.286300 -0.040600 0.039400 0.956500
1759918117.901679 -0.005300 1.305100 0.166800 0.286300 -0.040500 0.039400 0.956500
1759918117.921673 -0.005400 1.305100 0.166800 0.286400 -0.040300 0.039500 0.956400
1759918117.931670 -0.005400 1.305100 0.166900 0.286500 -0.040200 0.039500 0.956400
1759918117.961727 -0.005500 1.305000 0.167000 0.286400 -0.040100 0.039500 0.956400
1759918117.971672 -0.005500 1.305000 0.167100 0.286300 -0.040200 0.039700 0.956500
1759918117.991723 -0.005600 1.305000 0.167200 0.286300 -0.040300 0.039800 0.956500
1759918118.001678 -0.005700 1.304900 0.167200 0.286300 -0.040500 0.039800 0.956500
1759918118.021668 -0.005800 1.304900 0.167300 0.286500 -0.040700 0.039700 0.956400
1759918118.031742 -0.005900 1.304900 0.167400 0.286500 -0.041000 0.039700 0.956400
1759918118.051672 -0.006200 1.304800 0.167500 0.286500 -0.041600 0.039800 0.956300
1759918118.071639 -0.006300 1.304800 0.167600 0.286600 -0.042000 0.040000 0.956300
1759918118.091672 -0.006600 1.304700 0.167700 0.286800 -0.042600 0.040300 0.956200
1759918118.101673 -0.006700 1.304600 0.167800 0.287000 -0.043000 0.040400 0.956100
1759918118.121820 -0.006900 1.304600 0.167900 0.287100 -0.043900 0.040900 0.956000
1759918118.141670 -0.007200 1.304600 0.167900 0.287100 -0.044600 0.041300 0.956000
1759918118.151665 -0.007400 1.304500 0.168000 0.286800 -0.045600 0.042000 0.956000
1759918118.171692 -0.007600 1.304500 0.168100 0.286700 -0.046200 0.042300 0.956000
1759918118.191727 -0.007700 1.304500 0.168200 0.286400 -0.046900 0.042700 0.956000
1759918118.201764 -0.007800 1.304500 0.168200 0.286200 -0.047200 0.042900 0.956000
1759918118.221729 -0.007800 1.304500 0.168200 0.285900 -0.047600 0.043400 0.956100
1759918118.231687 -0.007900 1.304500 0.168300 0.285700 -0.047800 0.043600 0.956100
1759918118.251804 -0.007900 1.304400 0.168300 0.285800 -0.048000 0.043800 0.956100
1759918118.271674 -0.008000 1.304400 0.168300 0.285900 -0.048100 0.043800 0.956000
1759918118.291673 -0.008000 1.304400 0.168300 0.286200 -0.048200 0.044000 0.955900
1759918118.301728 -0.008100 1.304300 0.168300 0.286400 -0.048300 0.044100 0.955900
1759918118.321696 -0.008200 1.304300 0.168200 0.286800 -0.048400 0.044200 0.955700
1759918118.331760 -0.008300 1.304200 0.168200 0.287200 -0.048400 0.044200 0.955600
1759918118.361737 -0.008300 1.304000 0.168100 0.287900 -0.048400 0.044100 0.955400
1759918118.371706 -0.008400 1.304000 0.168000 0.288400 -0.048400 0.044000 0.955300
1759918118.391710 -0.008400 1.303800 0.167900 0.288900 -0.048300 0.044000 0.955100
1759918118.401741 -0.008400 1.303800 0.167800 0.289100 -0.048200 0.043900 0.955100
1759918118.421731 -0.008400 1.303700 0.167800 0.289400 -0.048000 0.043800 0.955000
1759918118.431761 -0.008400 1.303700 0.167700 0.289500 -0.047900 0.043700 0.955000
1759918118.461715 -0.008400 1.303700 0.167700 0.289400 -0.047700 0.043800 0.955000
1759918118.471662 -0.008400 1.303800 0.167700 0.289200 -0.047600 0.043900 0.955100
1759918118.491691 -0.008400 1.303900 0.167700 0.288900 -0.047600 0.044000 0.955200
1759918118.501662 -0.008400 1.303900 0.167700 0.288700 -0.047500 0.044100 0.955200
1759918118.521677 -0.008400 1.304000 0.167600 0.288500 -0.047200 0.044000 0.955300
1759918118.541659 -0.008300 1.304000 0.167600 0.288500 -0.046900 0.043900 0.955300
1759918118.562350 -0.008200 1.304100 0.167600 0.288600 -0.046400 0.043900 0.955300
1759918118.571695 -0.008100 1.304100 0.167600 0.288700 -0.046000 0.043900 0.955300
1759918118.591696 -0.007900 1.304100 0.167500 0.288900 -0.045500 0.044000 0.955300
1759918118.601734 -0.007600 1.304100 0.167500 0.289200 -0.045000 0.044000 0.955200
1759918118.621651 -0.007300 1.304100 0.167600 0.289400 -0.044300 0.043800 0.955200
1759918118.641672 -0.007000 1.304100 0.167600 0.289400 -0.043800 0.043600 0.955200
1759918118.661930 -0.006500 1.304100 0.167700 0.289300 -0.043000 0.043400 0.955300
1759918118.671701 -0.006100 1.304200 0.167700 0.289200 -0.042600 0.043300 0.955300
1759918118.691684 -0.005600 1.304200 0.167600 0.289400 -0.041900 0.042800 0.955300
1759918118.701725 -0.005200 1.304200 0.167600 0.289500 -0.041500 0.042300 0.955300
1759918118.721677 -0.004600 1.304200 0.167500 0.289600 -0.040700 0.041600 0.955400
1759918118.731730 -0.004200 1.304200 0.167500 0.289600 -0.040200 0.041100 0.955400
1759918118.761757 -0.003600 1.304300 0.167400 0.289700 -0.039600 0.040600 0.955400
1759918118.771680 -0.003200 1.304300 0.167400 0.289800 -0.039400 0.040200 0.955400
1759918118.791710 -0.002800 1.304400 0.167300 0.290100 -0.039200 0.039700 0.955400
1759918118.801694 -0.002500 1.304400 0.167300 0.290300 -0.039200 0.039400 0.955300
1759918118.821735 -0.002100 1.304400 0.167200 0.290400 -0.039300 0.039000 0.955300
1759918118.831773 -0.001900 1.304400 0.167100 0.290500 -0.039500 0.038700 0.955300
1759918118.861724 -0.001400 1.304500 0.167000 0.290500 -0.039800 0.038200 0.955300
